  File: /data/mephi-web
  Size: 4096      	Blocks: 8          IO Block: 4096   directory
Device: 8,17	Inode: 2           Links: 3
Access: (2775/drwxrwsr-x)  Uid: ( 5506/mephi-admin)   Gid: ( 5507/mephi-devs)
Context: system_u:object_r:httpd_sys_content_t:s0
Access: 2026-03-28 12:21:24.337828159 +0300
Modify: 2026-03-28 12:59:06.005804598 +0300
Change: 2026-03-28 12:59:06.005804598 +0300
 Birth: 2026-03-28 00:45:12.000000000 +0300
